461525
193112
1736
421582
373886
420278
151163
997288
854129
24569
295918
349618
18760
679858
713694
588253
410495
378906
934766
112134
917264
862780
593896
24441
516888
579138
854713
817925
898184
571368
469168
195203
309664
674386
520405
942205
403807
887991
837951
340709
482741
891570
108379
261108
559472
409311
260772
925905
621677
490283
477919
532766
405845
563039
157566
169209
591001
180472
257908
790003
291387
701748
192356
22900
386236
316956
434862
809494
429077
261000
96574
390230
336168
712174
192640
383968
828352
706251
967154
98236
982546
993478
298607
662646
392753
3713
592083
137815
692778
483195
40794
379029
560542
746357
606353
479530
766660
969800
642308
668959
502402
51094
180707
934837
637394
283462
717582
54112
678064
155301
298860
808733
228735
233706
271705
437872
583634
133366
944171
192581
310773
463566
751913
33276
622545
422093
755580
695383
157768
913578
819750
355143
73018
828404
597068
599644
867419
788624
408619
858932
808712
390631
718855
62739
442764
225040
313292
110049
113587
243224
774660
268849
318928
115967
292633
68335
623998
344987
350324
984607
778157
122645
892876
919263
437433
8150
454555
402460
693771
326335
632738
515920
37401
213508
342990
683150
872142
357063
428463
339811
313536
61422
946811
53571
759247
151790
346216
392445
482500
75648
975540
910629
994415
921212
320183
75213
784489
40532
614057
881233
633068
778354
47139
153369
624357
409853
299555
500530
176490
681878
459744
529889
340113
330912
18870
69158
696265
390353
457694
440866
795030
943672
213212
178867
189836
904620
928046
151147
494312
739699
138398
344369
522618
473703
59717
789322
989586
541335
814959
14638
662668
369903
206903
802624
910549
146931
65328
121194
792435
240174
513542
225287
129992
753137
963352
477739
394707
820847
33421
733149
179991
193014
618945
808431
85604
463660
841519
284041
455156
635663
777283
603236
475141
691847
498655
337791
585320
313054
260664
717058
312910
823889
945569
464469
663214
567181
43281
151158
77255
23206
143415
574090
89108
716505
665085
916625
380061
415409
4902
41481
12283
143033
625960
735870
950397
598489
362214
778056
136899
218462
436381
702851
805752
534745
1493
179876
811887
95232
437317
980719
387691
694493
211976
41797
437989
156691
15107
857703
483688
517565
974073
29153
917973
933568
1088
748054
490155
436440
906337
810742
186276
768667
914417
824250
677936
709148
202577
653906
214903
569339
561321
590597
123801
525741
963541
165927
207226
490249
737447
332023
706461
757504
474100
905504
188349
545605
677639
610284
123567
546200
39492
896100
619957
900871
758862
65733
463740
144685
117584
58870
137778
922547
106574
37073
628040
235456
907221
246362
709460
53616
494867
391000
642682
535063
579863
676192
969181
96109
123501
595415
581828
302709
75565
878791
541426
357044
94499
401533
613553
549281
66236
992026
437503
33817
487012
442181
298473
928044
994334
531897
229311
753958
95030
14935
419333
670395
985711
350447
464739
254333
703780
163639
471716
442784
389220
355557
861214
173137
976504
68991
116848
841039
147251
997097
795021
12480
998206
224865
891796
256733
838625
232347
9815
800748
605445
12580
88070
750451
596597
792086
518776
591309
314900
745979
75769
710083
397972
402067
227624
952440
613623
388024
699685
1911
817828
314521
110980
823373
165071
650607
699708
195357
681392
389244
134008
42513
522475
794484
628543
772349
982604
128044
545095
853881
650696
585234
610207
881138
696020
416316
461336
417893
414164
424701
811004
933037
443794
466829
145666
170013
626926
418712
368810
535080
106180
97133
887092
4321
224970
350171
637430
473643
863292
412052
514484
271282
158912
984175
62735
446304
450765
945220
102719
964305
830190
963848
792374
911960
232688
417073
805235
316535
220717
153763
72207
200013
57452
884019
510662
474813
868515
945016
762841
799700
403149
407441
149056
2840
695878
668062
894689
920357
996633
323683
767624
207114
33032
402159
593330
475166
834330
224883
369938
835554
157282
570963
134701
840617
496432
32556
450279
10036
479112
469365
456231
811487
873739
336243
892225
762771
563162
434620
376106
693477
567665
388679
436722
825599
191658
341707
126962
499019
495953
879089
749221
898284
60603
989845
736700
759161
181867
222621
292757
691940
532573
700043
66601
149478
743580
762619
603140
71704
139933
909935
85161
853209
170177
578159
283712
253752
371779
487795
46898
625008
106903
665864
77650
145275
32258
113124
648828
665296
441718
582203
678139
651847
458537
855492
851281
996756
732156
40971
10809
277100
197638
619865
895893
670148
907922
991486
337510
35884
971947
392698
797226
603946
186079
398351
614186
410111
316815
975724
702429
348881
449589
75217
496384
40002
572656
257526
328374
961119
520877
488756
204595
715929
519982
75316
324358
615125
290256
854013
356256
263471
984863
437563
840686
572037
812344
2784
554658
471674
822363
617302
777300
693640
355337
590574
266809
345491
493060
606784
674876
406960
346170
558244
623576
738599
904711
77622
693584
948344
137551
10714
354409
476021
168110
149944
557502
546670
362962
565265
590158
741803
978350
305276
635425
738007
439487
349027
621378
316
731899
545225
491213
278793
601376
163067
594877
60812
539258
833069
12350
735286
960007
732937
808009
921270
236119
36148
19195
782242
114136
911957
69743
586330
695484
351547
708446
51108
46023
585006
323211
433397
865512
486571
26428
975865
300191
73734
372209
158204
964133
894197
300406
212275
360445
690550
500952
504146
5561
402168
162056
906831
976823
785343
983537
442600
279306
597437
708276
585905
896186
835241
994567
640108
973162
626620
299006
80626
416958
151050
887968
342306
909876
812475
132872
15337
759580
748516
552606
91261
540457
705508
48296
620128
937540
464156
54759
235468
386007
959124
267984
347826
794800
751516
985347
551252
773872
55735
849691
787422
435708
137329
143181
485090
972890
905086
310505
411911
600834
146510
970818
101491
263718
421761
720
384477
687750
225758
688370
992355
131904
204559
859504
758080
453442
260310
146588
611648
823242
601775
394
863275
999763
690171
14097
947077
357771
827737
238469
517629
562247
533529
858993
781398
880843
582347
284637
539604
763121
945171
871260
245911
492994
653020
240400
856020
811337
868383
385739
212048
673902
313939
66618
826169
116445
776088
164604
928255
673125
839238
3080
527206
261717
321830
409104
809246
560985
263874
410654
769273
815741
211818
655717
990507
534026
821316
183185
261229
653858
778979
629840
573617
360382
613163
437158
85801
54124
699346
31167
932020
840597
212516
781658
23217
326402
931756
289268
180245
324827
70408
508301
125553
719337
767033
996892
44840
725076
792132
452334
579105
723643
721868
605363
467032
766952
616177
406054
236276
560945
141869
663775
544976
570738
420681
234328
632719
23996
553978
920763
941756
394306
451645
410863
190210
584554
435307
7995
472908
255654
111392
759918
77654
345452
252165
256825
483872
754534
708216
